GPS query thread starts
19.03484 47.284369
19.03484 47.284368
19.03484 47.284368
19.034839 47.284366
19.034839 47.284366
WARNING!
angle: 62.0864293603 distance: 5.69212081506
19.034841 47.284363
19.034843 47.284362
19.034843 47.284362
19.034843 47.284362
19.034845 47.284361
WARNING!
angle: 59.2186627939 distance: 6.23893104165
19.034849 47.284359
19.034849 47.284358
19.034849 47.284358
19.034849 47.284358
19.034849 47.284358
WARNING!
angle: 59.1097077679 distance: 6.90085255179
19.034849 47.284361
19.034851 47.28436
19.034851 47.28436
19.034852 47.28436
19.034852 47.28436
WARNING!
GPS query thread ends
